# Created by Octave 3.6.1, Mon May 07 03:11:51 2012 Hora estándar de Argentina <unknown@GonCastiglione>
# name: net
# type: scalar struct
# ndims: 2
 1 1
# length: 13
# name: weights
# type: cell
# rows: 4
# columns: 1
# name: <cell-element>
# type: matrix
# rows: 3
# columns: 30
 -0.003745399646941683 -0.2570246211227354 -0.1366450498697668 0.2010748783188631 -0.2532924595301668 -0.0226412157314726 -0.2928025466686119 0.05630075339401365 0.1354485364744491 -0.06672688802441858 0.524422111204026 0.02339954320295939 -0.1044681176286302 -0.2211273997845591 0.08494892179363377 -0.1319245556894207 -0.1679542938545422 0.04375769187564831 0.2073938850443389 0.06368965961966476 0.1678023291699356 0.06664710019686454 0.07870723487712955 -0.264016827916283 0.3029305761879879 0.09808358060923919 0.007380062676811037 -0.04740465354862062 -0.05860279304290641 -0.07030344210479189
 -0.1338678011416563 0.01881285943798709 -0.2989078136931026 -0.003450006414007137 -0.000689123721141981 0.06151955514196553 -0.1342573928192791 0.2408553603449272 -0.05834598230656874 0.06409905014690674 0.1054263893810182 0.06077874611785258 0.06322323566104118 0.008065583276460569 -0.03100894229574722 0.002874674163162051 0.01110923898519416 0.2620542265208452 0.3405126638555813 0.1847862717319825 -0.03034554543648981 0.2114556224331358 -0.1194323532616193 -0.02216440129550313 0.01599260404570983 0.05689799471591767 0.161754789796673 0.143899568148082 -0.05515602176665737 -0.2020771395621728
 -0.1096153879049597 0.004762717735981548 -0.1581466245164986 0.001069708882124512 -0.004352622529836861 0.04931878466007245 0.0523408576578247 0.06221416908178346 -0.003119438734793179 0.07479917314084909 -0.04638638807285146 0.02371714682586926 0.02943425096789583 0.007994750470826519 -0.02682761877391908 0.01687233584394332 0.02008167427165987 0.103740832750494 0.09594888612524789 0.1594053319690614 -0.02311704924553182 -0.005300464791949662 -0.05803599561046923 -0.01394961156965257 0.003867528613105808 -0.002613266569233154 0.02976259592629246 0.04850783603779835 -0.01772492792979221 -0.1425512872529332


# name: <cell-element>
# type: matrix
# rows: 31
# columns: 30
 -0.02438913331181347 -0.04829755291305157 -0.1986658944342034 -0.02234279044589562 -0.02235049422414627 0.01251063268781163 -0.04342195798072804 0.002421113627535612 0.06038836542563638 0.2140625524141688 -0.01230822301113058 -0.07020773180253458 -0.03291520947365709 -0.05307357401191592 -0.006769410174740155 -0.7908146572218661 0.006731032965711279 0.01264475347361531 -0.0003488412429636967 -0.01871565899571541 -0.04356896608275032 -0.0367987980565881 0.002424277421408715 -0.03811576570433576 -0.03892565756537741 0.01165035543745079 0.07149065297987497 0.002960832380678822 -0.004803288129996379 -0.001594970767727662
 -0.134951861348009 -0.008751068122153718 -0.292288238526441 -0.05377435249305431 0.06050400259133432 0.09049594504127202 0.01650944660894555 0.1181964960860403 -0.01087313899893097 0.05633550897327937 0.2313394504955164 0.01103301605753276 0.4481444841178274 0.01108507608755512 -0.09799074926794109 0.09476373664038176 -0.06213238538077823 0.01212888309404645 -0.09933805998593725 0.005652580008890226 0.03182934785755011 -0.08277818912374192 -0.04549376540438965 0.0108446942017701 0.01480810926014201 0.05354038415340664 -0.02444980583901419 -0.1045371255321209 0.05414638143285928 0.08834080513445443
 -0.01436936469099024 -0.03181897481934181 -0.6379912813253091 -0.03447191414057476 -0.0007215984703290127 0.003598394824190458 -0.05294967737464259 0.03903992833928328 0.1219911814314144 0.1655498372647895 0.01571115223596851 -0.07532223378885057 0.005502193879629013 -0.04393252152329732 -0.04964264042012619 -1.307404800747798 0.006017720616827566 0.0136233041849623 -0.006245443324584806 -0.03737652861618752 -0.01226093960228605 -0.0787245300457954 -0.008635296135463478 -0.0479014871181745 -0.04354594219534302 0.107844571225941 0.04031639533146298 -0.009486618186545486 0.004255867313425084 0.0192527756410381
 0.1069796981456038 0.006352063351044246 0.364585365968599 0.1675594806798522 -0.06170507656607412 -0.08089162809663403 0.006944549091112558 -0.1113130901664213 0.001296589855979313 -0.2923047617773439 -0.2247444195452617 -0.001478414977835891 -0.2903920102448426 -0.00597716393868722 0.4861263978951054 0.02243197861229201 0.07053849711136115 -0.02562814952352119 0.05398504276213364 -0.001860960389281694 -0.05563880959445641 0.2586516027220302 0.0685448252788793 -0.006066045909685273 -0.006330809135398296 -0.02722340344471522 0.006588838342587455 0.1458858893583244 -0.06672669660495087 -0.03657728830866071
 -0.1450832633445905 -0.04410380795455922 -0.2345746730757061 -0.1130385303092927 0.1255503165608201 0.03845495339492735 -0.00238539192916473 0.1760022656176303 -0.006939267454842458 0.2254924986973466 0.1119800622738202 0.0001501684648945907 0.4130651333119849 0.001122990629797241 -0.2161591477835083 0.01286593536551655 -0.1149763303649108 0.01347172804727078 -0.06720567595690585 0.003409098900270414 0.03828404839498206 -0.06774338981162673 -0.0376440214841362 0.01063365142935715 0.01017811678389506 0.06802946595417918 -0.01009837359820424 -0.01438248547494812 0.09538415566025275 0.04802795018571054
 -0.02217114683648445 0.04229539766714872 0.07694182245045825 -0.008026443001420743 0.01803618588709271 0.04613352523706604 0.03316865599013157 0.02283289608122516 -0.03919610231440696 -0.01741975822785568 0.06474834222311796 0.03900139880274112 0.1209495683693058 0.06066264225185063 -0.01847107370899067 0.3270056368133376 -0.02103456795814176 -0.00513645602716261 -0.02314218980748363 0.02845278884386964 0.03168792733902737 -0.004801077190687742 -0.01395718472582261 0.02846088499643616 0.09518966491168954 0.0113819647481629 -0.1154041481232584 -0.01618890695231436 0.02421390844671836 0.009595474331703237
 -0.175848977491059 -0.04109461306397053 -1.315917766833601 -0.1174236129647678 0.09395807206093984 0.1102516706749334 0.01862093417761223 0.1794752450129243 -0.01124567721494102 0.6241237251680654 0.1085776547565887 -0.01975164770393482 0.3132324697170785 0.02148755562637317 -0.1241305013588278 -0.3924915771997048 -0.09173842346525272 0.01611965666089343 -0.101321493609379 0.01011765237618059 0.06142951012281036 -0.1402645499622371 -0.08855535909805053 0.04964750961252407 0.03018888922946867 0.03468326026037942 -0.07126387532736624 -0.1099711871075429 0.1100226644504215 0.2115184325973526
 0.008567460915087304 0.02683006965673525 0.2923304237526899 0.01383749917454113 -0.002867434819663598 -0.002075851850865988 0.04661354560757929 -0.009743812381112618 -0.03128819666846827 -0.1427627001920373 0.006472947778023364 0.05608753805701809 0.01537970252162496 0.04463893803288198 0.02605511788664273 0.4773139866091561 -0.002879668906657864 -0.01125537573079337 0.001595055499814922 0.01706633160111404 0.01026003604837694 0.01557959719039141 0.003155320565029696 0.06358188244143645 0.04410316967373028 -0.008006983288707557 -0.04841420674353062 0.01714028896911637 -0.01573037353169452 -0.0009514521453690701
 0.01782529929604507 0.004087245924467803 0.09248938515529841 0.07264748627532504 -0.04394415485023059 -0.03751414811232096 0.0121541143655061 -0.08245436845934084 0.005313357649526556 -0.0238362894918249 -0.15293460861525 -0.002287204241184913 -0.2279110684184372 0.003319951208683525 0.06208352509532203 -0.06904038529986983 0.02605399040938017 -0.006702225505931754 0.03040243179017759 0.001543540509073445 -0.01173912810402154 0.1279954346490358 0.05572545824744481 -0.00254066228644795 -0.02184457529024733 -0.03169187738434025 -0.005419503003275867 0.06644727828442312 -0.02595312422544679 -0.04448928684148714
