# Created by Octave 3.6.1, Mon May 07 13:54:17 2012 Hora estándar de Argentina <unknown@GonCastiglione>
# name: net
# type: scalar struct
# ndims: 2
 1 1
# length: 13
# name: weights
# type: cell
# rows: 3
# columns: 1
# name: <cell-element>
# type: matrix
# rows: 3
# columns: 40
 -0.00360048823129955 0.3271758950356636 0.04246123558237094 0.3055906006691356 -0.03139636032617607 0.1111206780594659 0.02624151550467707 0.07603839447602651 -0.04822259033653076 -0.1518101937819785 -0.01765873190254394 0.003745503699179099 0.1222828372397555 0.04700824009054245 -0.07249070883365591 -0.1688293880571137 0.03903305766474258 0.08286580845147952 -0.003428403827175429 -0.05575433391717925 0.1790634936177094 0.08568693991203674 -0.1359471080749465 -0.2294016290421867 0.04018892269164549 -0.2521785577901762 -0.2192290326843009 0.1897838466224208 0.052339020068426 0.1431182008956881 -0.2300444940229876 0.08945528046978873 -0.1628259264225251 -0.208642939516061 0.1619862134049423 -0.2477495493294336 -0.4928479983685374 -0.1299092334960235 0.08895590516010075 0.06694368190616638
 0.162400928803462 0.1221977292047001 0.1480115764254166 0.1989752320838356 -0.1499952708403199 0.2056108664073947 0.28777037540891 -0.08083647345395378 -0.09168795370864642 -0.06847830156938879 0.06816719499168898 0.09195722949634205 0.04541404245516401 0.3565574264770616 -0.2025155888375574 0.04957794662612929 -0.06721521050708031 0.05760280650263137 0.2171413317827379 -0.1037947328468377 0.1229767683513024 0.1518222758586102 -0.05426479448864752 -0.02101674057708498 0.08142710944528893 -0.06611301964232658 -0.1383554449697027 0.2406308575722374 0.4365207170808436 0.3240816390478438 -0.05747156600027074 0.0920708364948287 -0.03069590945280509 -0.0178136194812562 0.08640692257988578 -0.1621642539792926 -0.09232181056366214 -0.2772224952238271 0.1009129075521621 0.0247648205782573
 -0.08926820883886639 -0.0371121991345921 0.0007007190732679136 0.003780108840352691 0.1033142401956251 -0.008628839400050752 0.1331961828974841 -0.1509168350070758 -0.01965600843428319 0.01408492121184665 0.1942646504126635 0.03438184330958612 0.002852868052017489 0.01925047142436167 -0.03912144413147633 0.09629451829477262 0.2333147625274745 -0.123345212069222 -0.02739543884288952 0.02583509807876087 -0.03128830113119556 0.002600868208987214 0.04054545195913941 0.006460671246978659 -0.1413883954033468 -0.01891904505816427 -0.06536515240351787 0.09867020364113713 -0.1393718279900947 -0.09705870108421734 0.02523603732439697 0.006631544983541775 0.1104053943322559 0.08835527382434764 -0.001178617160364498 0.06947847447204217 0.1104524818774677 0.003233150674905462 0.07122219902866699 -0.07576159799872111


# name: <cell-element>
# type: matrix
# rows: 41
# columns: 30
 0.01854428029634653 -0.006700003122515661 0.07599740223792671 0.02095505252954879 -0.02108058077721535 -0.01601007543107814 0.005273310074777732 0.05734693810701284 0.02341323239852023 -0.007137024090289534 0.2374679273201741 -0.01931905912375768 -0.06160316966727649 -0.08159124167056483 0.3569975815015875 0.00804090343105569 -0.02405807376909986 -0.01618151826124645 -0.006655455418714224 0.1871786606641894 0.01168696736971299 -0.02137510743686029 -0.03521478900846509 -0.01441369703284634 0.01001491579666155 -0.008140021861261434 -0.7258524974055226 -0.1054690126861882 0.0008954178022923425 -0.02809849282117353
 -0.01425583035914854 0.003098702820287566 -0.00510733227272803 -0.001236314820675734 0.007511380578931443 -0.01843491267807921 0.005586886309807194 0.6512301491915999 0.5430394957343865 0.01283932731515199 0.200378815088714 0.00515473860865815 0.3102397148715207 0.6735358134620953 0.1483062942386831 -0.01771533579231746 -0.006961950103673308 0.001015971479323875 0.003584253346790388 0.4050745279069863 -0.01679075844192029 -0.01710596403772973 -0.003486254633837476 0.02114748525071779 0.001502401677206559 0.002725054375985931 -0.1085363758271069 -0.1578617340726076 -0.008082463119537307 -0.005498375567213963
 -0.01951972269922613 -0.01431231507882819 0.01139301290267675 -0.0316139463911423 0.0148303436576266 0.0180084790615568 -0.01326567346854027 0.08107880067308923 0.07420064611944145 -0.02861777553725735 0.1794160416079804 0.008411849360570644 0.1526953128313483 0.1106421151403513 0.1679040580472635 -0.04739883520631913 0.01811369555079156 -0.003606745887345539 0.008424377892859995 0.3664311256293853 -0.005537023073072115 0.02112468580607313 0.0138941441593893 0.007886845826921405 0.000464457312321476 -0.00533295503786045 -0.4581436698654962 -0.130003157214049 0.01855145080146144 -0.0001569688122610685
 -0.00667385547315682 -0.005438736560423206 0.004841022031323361 -0.02618247553622642 0.0009817036992159926 0.02101374100309635 -0.00803943507268181 0.2525026664231393 0.7886421513398978 0.01367093622777223 0.6667159510779269 0.07051528971364927 0.3167349803638755 0.2839756010863381 0.2237908528067404 -0.004604085878115176 0.02537876741752298 -0.01300921438854921 0.008836885727348566 0.09555275556903194 -0.0137075044147014 -0.1139812189769029 0.00688122430833361 0.008156962194055919 0.003271031779213819 0.01420186341085184 -0.1587948963306054 -0.7055584729288715 0.003903316067248684 0.04034607464136843
 0.04968922892946081 -0.0005341628843387293 0.04423367874321471 -0.08294391305517158 -0.03373418389574927 0.07435237218774819 -0.02535801617609512 -0.2839436514854604 -0.1880857187127836 -0.02068627192600276 -0.2465010951003379 0.0706337296358634 0.04230256753552058 0.001860638761107374 -0.1240591390187367 -0.2740651456771617 0.04751448947731735 0.00274748567817981 0.01311738623611009 -0.1606208102195925 -0.0303459540885687 0.03884934517147562 0.1079232161176252 0.02606546218557827 0.0001451403626961793 -0.05124546392209435 0.2504810029922698 0.07620568326129469 0.02147492098222599 0.1414191437105125
 -0.0219508490572528 -0.001511738858670234 -0.007142294082711336 0.0139432009995135 0.01627247384371775 -0.02479024666167294 0.001467124669990273 0.1744812450700678 0.1326065653040563 0.03849720600038618 0.4334215004902491 -0.04176999603160477 0.2345146565215803 0.1857011925778432 0.3967496577085318 0.02574619497166039 -0.02855983914614318 -0.004025748207580333 0.0584712780607009 0.2107362903534853 0.0284070029811679 0.006675126397771743 -0.008467189035379128 -0.001312789913621204 -0.002457420724170303 0.03603989360183665 -0.2453692198676025 -0.1145680741561861 -0.002297195588987495 -0.02681104333910901
 0.005561082476196528 -0.006040451090023585 0.07546558269575528 -0.06551420148964046 0.01597795723363161 0.05202101024429152 -0.03586370516154654 -0.5492108772173394 -0.1323702919244504 -0.0315556056388871 0.9195687094302945 0.103274206891595 0.1355138684474418 0.06918125595985884 0.1942572293270063 -0.09435420275693714 0.015521856832964 -0.02295609010802768 0.2149763681025109 0.2733021983890608 -0.02330841577571911 0.04861950398775311 0.0150441170511419 0.04595837277712107 -0.01475026579326942 -0.003723302511789268 -0.1633929729459701 -0.9372306908108491 0.0120616339481677 0.1117932767840505
 0.007232293308324297 0.006493162423005332 -0.0433932261848858 0.2276956606318059 -0.01821337252182796 -0.02232915242004069 0.04758094631447218 0.2514549156852753 0.2708735967277369 0.03601382475052466 -0.1934372811485629 -0.0488891645943447 0.05481907730470773 0.1288154367265878 -0.1083577381723684 0.02504337584280371 -0.06072162302196781 0.003341211720490751 -0.01722490473101698 -0.1311733701169887 0.0164263491587882 0.01593289208070667 -0.0714778337260827 -0.03044136364852142 0.002431729815149451 0.005308212012527029 0.1200807130935074 0.210088087199498 0.02208887843928976 -0.0584388407140707
