# Created by Octave 3.6.1, Sat May 05 19:32:18 2012 Hora estándar de Argentina <unknown@GonCastiglione>
# name: net
# type: scalar struct
# ndims: 2
 1 1
# length: 13
# name: weights
# type: cell
# rows: 3
# columns: 1
# name: <cell-element>
# type: matrix
# rows: 3
# columns: 50
 -0.0975544997208023 -0.206658442043634 0.2583220832289638 -0.08552092768964134 -0.01745129055696891 -0.03947357127331619 -0.1435639810209648 0.1068378334773399 0.3197155372629931 -0.09491711036169016 0.2004527155257573 0.07564732481106812 0.1776815092104754 0.08170090997008396 0.05917072449296792 -0.2736785517126309 -0.07940917683114443 0.1583929374634823 0.0882615464233692 -0.09738913338939781 0.2550492665650411 -0.03126335584606152 -0.1507781236346903 -0.2607134517722314 -0.2958554474938435 0.01135332439763871 0.05776664379648748 0.118828634949355 -0.1363423131919774 -0.06790358424620094 0.07962575486725575 -0.05186207102766809 -0.2566298416570922 0.1548990534927988 0.05803079653067609 -0.09571366632763587 0.005727573292755151 -0.1008638931313571 -0.08403921088226465 0.2709804461215235 0.0187479603763143 -0.08847543575961088 -0.04061150848689624 -0.01268886058435616 0.1443181576585528 -0.3024068605799265 0.05212364546690709 -0.3038399619753046 0.03662310798191743 0.121701929803455
 -0.2872504491745665 -0.07552322329855046 0.1377185785703195 -0.2324848089352407 -0.2131765283455254 0.08834609343471794 -0.1078423463824417 -0.02623268559739537 0.1707462741174629 0.1653264137621274 0.1126053155107054 0.03517831696000936 0.004423390506100662 0.06783812152391003 0.2812255422330567 -0.006312863843290032 0.07058750506522939 0.04847734347823385 0.3538395767701888 0.03226711564302605 0.1776324182150544 -0.1297189189084562 -0.08623989193912397 -0.1385963330093117 -0.1593660843466495 0.1658043800505891 0.1532620011467441 0.1803877292261574 0.004187704396964798 0.1872668081880506 0.03057815083147769 -0.1091212461819381 -0.05462709893167966 0.3025800358476816 -0.06022593907414919 0.0238029694544689 0.1526732833651609 -0.06116109125912744 -0.00984882875696946 0.0466929321479396 -0.08614107614190664 -0.01844337903148116 -0.2310318896592811 -0.1410449358251267 0.1492964050966233 -0.04470016765558328 -0.06231946348078718 -0.09890351384246425 0.1587917135140919 0.04213149471656178
 0.09205976899665855 0.07482014703783013 -0.03109142468162278 0.1300623040094418 -0.148839109556405 0.1487691312343085 -0.02022669454095393 -0.1013432557879641 -0.1473054148951363 -0.3598842135413682 0.1050047541083074 0.03564710789210548 0.1262833397935591 0.04355904738921872 -0.0809596699920201 -0.04003187510210602 0.02960111292150431 -0.1122837142424714 -0.1094430791595068 -0.03048887959625451 -0.1220218927316089 -0.08325441642504261 0.09652506273047767 0.05478669870689507 -0.03405724544159532 0.01570733970295058 0.1490217105698572 0.09712403011861989 -0.01079735247750861 -0.1550593896546962 -0.005864267377573781 -0.09012559010141659 -0.05373310851795461 0.02370050806569847 0.007513420869511102 0.1093892313170435 0.1184101696781051 -0.004199877243648246 0.06022847548302802 -0.0324347002106681 0.002953807532114833 0.3144463477492623 0.006688221129459096 0.006429478192453895 -0.009281128149372753 -0.03491700137461312 0.0460661074050342 0.1471241840128149 0.1258063421398418 -0.1243224079305139


# name: <cell-element>
# type: matrix
# rows: 51
# columns: 40
 0.00879092249883457 0.01138951295544243 0.03383901049347386 0.007625358877987875 0.006302861188504763 0.2885173259038343 0.5491817473670144 0.02106149086203001 0.06209068965222819 -0.009310779630568566 -0.008324189158564288 -0.002017187355532492 0.0107028388630693 -0.03888922641127306 -0.05471624473350912 -0.09208258067700861 1.22999121552575 0.05547244782836529 0.02216368271271969 0.1687648344357465 -0.1649740205882174 -0.04715213220264064 0.06910352229511819 -0.01101047717462383 0.05954895022408017 0.06539338795204605 0.2459628649589718 0.006986688987503575 0.002044470583916426 -0.0003690873717205721 0.00647207227760749 0.05869037783080543 0.1249799811733756 0.003236587255617523 0.0304067189629895 0.003581888984492912 -0.01486118347807342 0.09882723460290561 -0.0421550401705952 -0.03858502542684738
 0.002641724173387625 -0.02066216142914528 0.04685791396937133 -0.08819451194399433 0.02169813806162727 0.007735738254188223 0.1079686248606832 -0.02069542602746716 -0.08559849029152768 -0.02847920159411207 -0.008369062230417664 -0.108992258272807 -0.04233700018086946 0.001623186019656033 -0.1305360451763954 -0.03506806763280904 0.4460351859942522 -0.09717935685245524 -0.008527457722233149 0.2023186821254874 -0.663449480125311 0.1106050911187792 -0.02941017237617951 -0.04069766315642191 -0.01092304417646503 0.1309910996966527 0.6439545550659359 0.01055699610613448 -0.02451119401668898 0.01696508909073116 0.01203013404131099 -0.0191051766290566 0.7015694260723377 0.1347784349364953 -0.01019705182293822 -0.01597408599840232 -0.07031938445931031 -0.0254512891611432 0.02069423887716626 -0.08860925901206698
 0.02963181760932418 0.02059087842535384 0.02992197906102805 -0.05434286312301798 -0.009910331826403244 -0.1097537233959822 -0.2101176285425506 0.02785187363289493 0.07705475252494581 0.03488442259322654 0.007468936030393228 0.1164772799418347 0.0002028556092137861 -0.02314324971253053 -0.02453096051656113 -0.01016413865739697 -0.2198782002174904 0.154410136618446 -0.01606839650851342 -0.4256842741383541 0.3926314664068606 0.0009753129973878525 -0.009966339756639221 0.01330958132923325 0.002497890920941442 0.01512637960224321 -0.5356446854608483 -0.01747527865138724 -0.1630791211387009 0.02623130327270003 -0.009531435191303325 0.04998736056770976 -0.3917708024727044 0.05106486077870074 0.005560426315655047 0.09895199206651124 0.01109096257921454 -0.03408831520828937 -0.03645822901770003 -0.02602264771554312
 -0.03446986265704977 -0.003006239410467496 -0.01464855138281982 0.02191736467502482 0.05333771906259722 0.5021282448032809 0.3919869612686619 0.008535201273266752 -0.02686994250636869 -0.1469837006152855 -0.03988590202858321 -0.05610146328408829 0.003791180502569073 -0.008424222058729617 -0.03947466673366796 -0.04444183408655122 1.206259946429727 -0.006838952842972177 0.03046595937524068 -0.04084418635747943 -0.03103821258440023 0.05016756658248098 -0.1610174813035281 -0.005251114094914644 0.05163330523864616 0.004026548690607887 0.2037299373719562 0.006549869050373233 0.08124128613559183 0.09224418151276406 0.0005252029447108716 0.001144219534636526 0.3072962499878117 -0.006129126546240201 0.002567136460400066 0.02441221536914175 0.002069748171999732 0.04417124128624621 -0.02509543447926619 0.08437183714568706
 0.03014771164664691 0.04313743280583267 0.10458118890291 0.03303035894114691 0.03033559179604617 1.272889186581591 0.8301313207441996 0.02988751929168672 0.1402761871932811 0.06796661992544094 0.02110539573015765 0.07466486999023823 -0.07286008487789193 -0.05964935269919092 0.03623628674239338 -0.00926756784109741 -0.1314188393499485 -0.04661148373163808 -0.00717607031292669 0.02712331642143233 -0.07573502892011887 -0.02731739262698028 0.136342951462127 0.08662976851592111 0.06807318037824292 -0.01046119668048788 -0.1246159495272572 -0.06979237488147333 0.02155337049348249 -0.06742607300424416 0.01712312492718419 -0.02723885843757308 -0.2792025286094708 -0.02101408470267633 -0.002748614452510227 -0.0650233950268114 0.08845082808395736 0.1184969479746132 -0.0129389180191906 -0.06409033630520515
