# Created by Octave 3.6.1, Sun May 06 11:21:10 2012 Hora estándar de Argentina <unknown@GonCastiglione>
# name: net
# type: scalar struct
# ndims: 2
 1 1
# length: 13
# name: weights
# type: cell
# rows: 3
# columns: 1
# name: <cell-element>
# type: matrix
# rows: 3
# columns: 55
 0.001451047062332803 -0.09123760964765723 -0.01998190425719934 -0.02615772318112422 -0.103876936726669 -0.2631728691051791 -0.1270891723557516 0.1509565648376266 -0.0104274137170777 -0.2681717359343894 0.08984880574606946 -0.1062226690422378 0.1944666090183377 0.04098453818816788 -0.04417430728491971 0.07406576268259971 -0.2656898563167477 0.3309688144759088 -0.05289970110735796 0.05251219091527962 -0.02721242961834511 0.05348120336958458 -0.04193659871070889 -0.05472110176804715 0.1409967789794288 0.036592318335704 0.002977200258393908 -0.1640868704112763 0.08481304735290064 0.2410685741500951 0.1016064135275765 0.1128203116639504 -0.061730828657296 -0.07846271973015415 -0.5936969553612499 -0.2661358433903094 0.1125189537842836 -0.05725705552126162 -0.3373071928766435 0.09096722067636062 0.009155781941986442 -0.01496266385956736 -0.1389236451907487 0.04414383415645627 0.12776270216714 0.1076227642211431 -0.241512953350823 0.3135472561932955 -0.2585914986530757 0.003298895462806969 -0.2122643214210538 0.1665692495101494 0.08217442016225616 -0.02585226732703159 0.03735207732050438
 0.1283634998009186 0.09679687403020588 -0.1951462675640517 0.08685034751993199 0.1275524580737558 -0.04466940113502745 -0.02150907717380388 -0.05200901608131734 0.03443363058122201 -0.0298613397854366 0.1356362559621745 -0.1544745187630452 0.3830115791519896 -0.07453933409754195 0.07468191332945523 0.2356376367818165 0.2691873203623755 0.1005185597099328 -0.1914309726298621 0.102265151683896 -0.1656100506031915 0.1406795797473051 0.1849505619188433 0.02387907391189557 0.1584995492328864 0.1024003974568451 -0.126351654545678 -0.05867067225913955 0.2375417402670836 0.1101343494708834 0.1149737845230329 0.1052441299503951 -0.1094745862345766 -0.1927555069685276 -0.4115356705691384 -0.2439363702307937 0.08269326662187196 -0.06029592002930142 -0.1971414420135068 0.3112386339443213 -0.06963805925653228 -0.2130099584779261 0.09197228614504908 0.3909976475228548 -0.07521039527003112 0.003789891456091347 -0.06704428198329997 0.1318432298289975 -0.4418739474366991 0.207222711893421 -0.07723340532654339 0.03455154644559674 0.1323539900535154 -0.2245013527034516 -0.1888902283648377
 0.001147825710968808 0.1115098813772573 0.07050642530016465 -0.08529425606456191 0.2477469583956789 0.1884150767921798 0.1339472319069832 -0.05189938740071082 0.1799496175152382 0.1681588317064568 0.01184381997112863 0.06845346359912893 0.1433012061985592 -0.03748422090167873 0.01386754683674074 0.02103566245279369 -0.6044156181139867 -0.04153307045524116 0.006418559348671225 -0.006533367549742996 -0.01414902396012767 0.09427381044139194 -0.0250826731181005 -0.3803483490448724 -0.05208732109174602 0.127823104397636 0.175400857063031 0.0181329089555121 0.08896168597229631 -0.02283198290764839 -0.03346064513541836 -0.01038153024536069 0.1419695960972016 0.08305632613597641 0.02284664273745093 0.03251426923972603 -0.1804440686449341 -0.1960853202860596 0.001337747485814618 -0.01522144989247803 0.004519739080679135 0.03775192430685116 0.1499480908511038 -0.001342558986815147 0.01083226937887119 -0.08048929487700672 0.05160453798976364 -0.07483187664592877 -0.1837503641124515 0.001038483467838426 0.006047718021593642 0.09286840482690334 0.0254460784393536 0.06982441640458147 0.2533228589813379


# name: <cell-element>
# type: matrix
# rows: 56
# columns: 55
 -0.1181846050280355 0.0131192701713079 0.03891509646819002 0.04835330760023858 0.003330327441980668 -0.1700621503373488 0.1259200039746913 -0.3055435861106217 -0.1909391134344162 0.01864713055333809 -0.07357507236564854 -0.0127386534811436 0.09261848254548852 0.04691303460244208 0.2994837886814779 0.03214851925006534 -0.1515771158576674 -0.004192902844508074 -0.163618476286372 0.008254351638683778 -0.07196557630183041 0.04741231779980958 0.0005792427873558034 -0.1412765478760606 -0.02085562351279307 -0.3162465461366899 0.002331471771680469 0.002292947184963812 -0.03973845195309673 0.1024746138173483 -0.01025006463707823 0.006279824976061794 -0.1280906174736331 -0.005239595975758256 -0.2015967555343195 -0.07009267242428598 -0.08962385355175016 -0.03987630848914839 0.02936639511145884 -0.04535143973140116 0.00828480724069171 0.07156189599361898 -0.03237179975903887 -0.1533488273756712 -0.06454302112105573 -0.04184348407949679 -0.01226083904175305 -0.1630293568054879 0.03030204601729408 0.06589118158169061 -0.07120615008646353 0.1108934910546371 -0.1236292872232803 0.009362077375298691 -0.1822669713997114
 -0.06209717093230517 0.04868895622678582 -0.1997524810720409 -0.02283105974183781 -0.007171545026080789 -0.0007034315004086713 0.03296197123641912 0.02969219713840391 -0.0788147058386471 -0.09352185040193435 -0.0979800519925363 0.008681711528032529 -0.2260900733500336 0.4744458977813519 0.05617804093319161 0.001282873680851674 0.1622127023743059 -0.02090178865443612 -0.2408903539563518 0.009610930213061282 0.006731073813380499 -0.09279266192158614 0.03426826378427238 0.09617695637435517 0.04111336274576497 -0.2197960450761293 -0.1064532911126462 -0.01758111502140606 0.0227097256994215 0.06649060961306417 -0.05545628301657957 0.002339288083485872 0.1160306531173548 -0.05915746125607409 -0.02320954680218948 -0.2082092396298082 0.05439460608112475 0.01263282990586021 -0.1612437125078201 0.1683543425831302 -0.04717770798991227 0.1247116278909473 0.2507945215523837 0.1090395170192805 -0.03656753682208724 -0.03124953234440553 -0.2063948745882575 0.002829855967450787 0.05996759027379407 0.06519724581080838 -0.007352841066690296 0.1098343474004002 0.1029658144628775 0.1102453662957184 0.04143220008558094
 -0.07664539040397478 0.01305648149176307 -0.05629200709508376 -0.06652885287421877 0.09805929942362111 -0.05980528904191287 -0.07785605910711181 0.02873474541553205 -0.2253359492018227 -0.08324393263558401 -0.0007484453546204425 0.08583574487004292 0.04162500494578696 0.006722370480251726 -0.007040793249971662 0.003128972692090139 0.1542341257863689 -0.1058639625253819 0.2361657823413421 -0.09005297078865418 0.07198571550357036 -0.442153529529868 -0.04765584582810981 -0.06157237845453875 -0.07940522288612591 0.5594593248775132 -0.04454277975480056 0.005207932882132865 0.2590399010195939 -0.1767436343384986 0.03827367822802549 0.1980469567628197 -0.05882723655920741 -0.447215391849388 -0.04677405664442946 0.06024282804346646 -0.1251290320404803 0.02492924108694399 -8.662259622349318e-005 0.04016388737287519 0.00181705451138396 0.1113897166479512 0.09817224117187888 -0.03548338761835331 0.209261895698924 -0.01539580767401695 -0.1202869026390978 -0.001842413583695579 0.02042974734971587 0.007917860312489748 -0.169133221685958 -0.02447531537102058 -0.08438306114676701 0.02945632571497966 -0.008202158804537537
